TIME = 0.001568
  102.00000       0.00000     -47.00123       0.00000      0.00000      -0.00491      1.00000
  102.00000       0.00000     -45.00123       0.00000      0.00000      -0.00491      1.00000
TIME = 0.003137
  102.00000       0.00000     -47.00492       0.00000      0.00000      -0.00982      1.00000
  102.00000       0.00000     -45.00492       0.00000      0.00000      -0.00982      1.00000
TIME = 0.004705
  102.00000       0.00000     -47.01107       0.00000      0.00000      -0.01473      1.00000
  102.00000       0.00000     -45.01107       0.00000      0.00000      -0.01473      1.00000
TIME = 0.006274
  102.00000       0.00000     -47.01969       0.00000      0.00000      -0.01964      1.00000
  102.00000       0.00000     -45.01969       0.00000      0.00000      -0.01964      1.00000
TIME = 0.007842
  102.00000       0.00000     -47.03076       0.00000      0.00000      -0.02455      1.00000
  102.00000       0.00000     -45.03076       0.00000      0.00000      -0.02455      1.00000
TIME = 0.009410
  102.00000       0.00000     -47.04429       0.00000      0.00000      -0.02946      1.00000
  102.00000       0.00000     -45.04429       0.00000      0.00000      -0.02946      1.00000
TIME = 0.010979
  102.00000       0.00000     -47.06028       0.00000      0.00000      -0.03437      1.00000
  102.00000       0.00000     -45.06028       0.00000      0.00000      -0.03437      1.00000
TIME = 0.012547
  102.00000       0.00000     -47.07873       0.00000      0.00000      -0.03928      1.00000
  102.00000       0.00000     -45.07873       0.00000      0.00000      -0.03928      1.00000
TIME = 0.014115
  102.00000       0.00000     -47.09964       0.00000      0.00000      -0.04419      1.00000
  102.00000       0.00000     -45.09964       0.00000      0.00000      -0.04419      1.00000
TIME = 0.015684
  102.00000       0.00000     -47.12301       0.00000      0.00000      -0.04910      1.00000
  102.00000       0.00000     -45.12301       0.00000      0.00000      -0.04910      1.00000
TIME = 0.017252
  102.00000       0.00000     -47.14884       0.00000      0.00000      -0.05401      1.00000
  102.00000       0.00000     -45.14884       0.00000      0.00000      -0.05401      1.00000
TIME = 0.018821
  102.00000       0.00000     -47.17713       0.00000      0.00000      -0.05892      1.00000
  102.00000       0.00000     -45.17713       0.00000      0.00000      -0.05892      1.00000
TIME = 0.020389
  102.00000       0.00000     -47.20788       0.00000      0.00000      -0.06383      1.00000
  102.00000       0.00000     -45.20788       0.00000      0.00000      -0.06383      1.00000
TIME = 0.021957
  102.00000       0.00000     -47.24109       0.00000      0.00000      -0.06874      1.00000
  102.00000       0.00000     -45.24109       0.00000      0.00000      -0.06874      1.00000
TIME = 0.023526
  102.00000       0.00000     -47.27676       0.00000      0.00000      -0.07365      1.00000
  102.00000       0.00000     -45.27676       0.00000      0.00000      -0.07365      1.00000
TIME = 0.025094
  102.00000       0.00000     -47.31489       0.00000      0.00000      -0.07856      1.00000
  102.00000       0.00000     -45.31489       0.00000      0.00000      -0.07856      1.00000
TIME = 0.026662
  102.00000       0.00000     -47.35548       0.00000      0.00000      -0.08347      1.00000
  102.00000       0.00000     -45.35548       0.00000      0.00000      -0.08347      1.00000
TIME = 0.028231
  102.00000       0.00000     -47.39853       0.00000      0.00000      -0.08838      1.00000
  102.00000       0.00000     -45.39853       0.00000      0.00000      -0.08838      1.00000
TIME = 0.029799
  102.00000       0.00000     -47.44404       0.00000      0.00000      -0.09329      1.00000
  102.00000       0.00000     -45.44404       0.00000      0.00000      -0.09329      1.00000
TIME = 0.031368
  102.00000       0.00000     -47.49201       0.00000      0.00000      -0.09820      1.00000
  102.00000       0.00000     -45.49201       0.00000      0.00000      -0.09820      1.00000
TIME = 0.032936
  102.00000       0.00000     -47.54244       0.00000      0.00000      -0.10311      1.00000
  102.00000       0.00000     -45.54244       0.00000      0.00000      -0.10311      1.00000
TIME = 0.034504
  102.00000       0.00000     -47.59533       0.00000      0.00000      -0.10802      1.00000
  102.00000       0.00000     -45.59533       0.00000      0.00000      -0.10802      1.00000
TIME = 0.036073
  102.00000       0.00000     -47.65067       0.00000      0.00000      -0.11293      1.00000
  102.00000       0.00000     -45.65067       0.00000      0.00000      -0.11293      1.00000
TIME = 0.037641
  102.00000       0.00000     -47.70848       0.00000      0.00000      -0.11784      1.00000
  102.00000       0.00000     -45.70848       0.00000      0.00000      -0.11784      1.00000
TIME = 0.039209
  102.00000       0.00000     -47.76875       0.00000      0.00000      -0.12275      1.00000
  102.00000       0.00000     -45.76875       0.00000      0.00000      -0.12275      1.00000
TIME = 0.040778
  102.00000       0.00000     -47.83148       0.00000      0.00000      -0.12765      1.00000
  102.00000       0.00000     -45.83148       0.00000      0.00000      -0.12765      1.00000
TIME = 0.042346
  102.00000       0.00000     -47.89666       0.00000      0.00000      -0.13256      1.00000
  102.00000       0.00000     -45.89666       0.00000      0.00000      -0.13256      1.00000
TIME = 0.043915
  102.00000       0.00000     -47.96431       0.00000      0.00000      -0.13747      1.00000
  102.00000       0.00000     -45.96431       0.00000      0.00000      -0.13747      1.00000
TIME = 0.045483
  102.00000       0.00000     -48.03442       0.00000      0.00000      -0.14238      1.00000
  102.00000       0.00000     -46.03442       0.00000      0.00000      -0.14238      1.00000
TIME = 0.047051
  102.00000       0.00000     -48.10699       0.00000      0.00000      -0.14729      1.00000
  102.00000       0.00000     -46.10699       0.00000      0.00000      -0.14729      1.00000
TIME = 0.048620
  102.00000       0.00000     -48.18201       0.00000      0.00000      -0.15220      1.00000
  102.00000       0.00000     -46.18201       0.00000      0.00000      -0.15220      1.00000
TIME = 0.050188
  102.00000       0.00000     -48.25950       0.00000      0.00000      -0.15711      1.00000
  102.00000       0.00000     -46.25950       0.00000      0.00000      -0.15711      1.00000
TIME = 0.051756
  102.00000       0.00000     -48.33945       0.00000      0.00000      -0.16202      1.00000
  102.00000       0.00000     -46.33945       0.00000      0.00000      -0.16202      1.00000
TIME = 0.053325
  102.00000       0.00000     -48.42185       0.00000      0.00000      -0.16693      1.00000
  102.00000       0.00000     -46.42185       0.00000      0.00000      -0.16693      1.00000
TIME = 0.054893
  102.00000       0.00000     -48.50672       0.00000      0.00000      -0.17184      1.00000
  102.00000       0.00000     -46.50672       0.00000      0.00000      -0.17184      1.00000
TIME = 0.056462
  102.00000       0.00000     -48.59404       0.00000      0.00000      -0.17675      1.00000
  102.00000       0.00000     -46.59404       0.00000      0.00000      -0.17675      1.00000
TIME = 0.058030
  102.00000       0.00000     -48.68383       0.00000      0.00000      -0.18166      1.00000
  102.00000       0.00000     -46.68383       0.00000      0.00000      -0.18166      1.00000
TIME = 0.059598
  102.00000       0.00000     -48.77607       0.00000      0.00000      -0.18657      1.00000
  102.00000       0.00000     -46.77607       0.00000      0.00000      -0.18657      1.00000
TIME = 0.061167
  102.00000       0.00000     -48.87078       0.00000      0.00000      -0.19148      1.00000
  102.00000       0.00000     -46.87078       0.00000      0.00000      -0.19148      1.00000
TIME = 0.062735
  102.00000       0.00000     -48.96794       0.00000      0.00000      -0.19639      1.00000
  102.00000       0.00000     -46.96794       0.00000      0.00000      -0.19639      1.00000
TIME = 0.064304
  102.00000       0.00000     -49.06757       0.00000      0.00000      -0.20130      1.00000
  102.00000       0.00000     -47.06757       0.00000      0.00000      -0.20130      1.00000
TIME = 0.065872
  102.00000       0.00000     -49.16965       0.00000      0.00000      -0.20621      1.00000
  102.00000       0.00000     -47.16965       0.00000      0.00000      -0.20621      1.00000
TIME = 0.067440
  102.00000       0.00000     -49.27420       0.00000      0.00000      -0.21112      1.00000
  102.00000       0.00000     -47.27420       0.00000      0.00000      -0.21112      1.00000
TIME = 0.069009
  102.00000       0.00000     -49.38120       0.00000      0.00000      -0.21603      1.00000
  102.00000       0.00000     -47.38120       0.00000      0.00000      -0.21603      1.00000
TIME = 0.070577
  102.00000       0.00000     -49.49067       0.00000      0.00000      -0.22094      1.00000
  102.00000       0.00000     -47.49067       0.00000      0.00000      -0.22094      1.00000
TIME = 0.072145
  102.00000       0.00000     -49.43860       0.00000      0.00000       0.17566      1.00000
  102.00000       0.00000     -47.60259       0.00000      0.00000      -0.22585      1.00000
TIME = 0.073714
  102.00000       0.00000     -49.35183       0.00000      0.00000       0.17075      1.00000
  102.00000       0.00000     -47.71697       0.00000      0.00000      -0.23076      1.00000
TIME = 0.075282
  102.00000       0.00000     -49.26752       0.00000      0.00000       0.16584      1.00000
  102.00000       0.00000     -47.83382       0.00000      0.00000      -0.23567      1.00000
TIME = 0.076851
  102.00000       0.00000     -49.18567       0.00000      0.00000       0.16093      1.00000
  102.00000       0.00000     -47.95312       0.00000      0.00000      -0.24058      1.00000
TIME = 0.078419
  102.00000       0.00000     -49.10628       0.00000      0.00000       0.15602      1.00000
  102.00000       0.00000     -48.07488       0.00000      0.00000      -0.24549      1.00000
TIME = 0.079987
  102.00000       0.00000     -49.16514       0.00000      0.00000      -0.20172      1.00000
  102.00000       0.00000     -48.06438       0.00000      0.00000       0.09920      1.00000
TIME = 0.081556
  102.00000       0.00000     -49.26743       0.00000      0.00000      -0.20663      1.00000
  102.00000       0.00000     -48.01591       0.00000      0.00000       0.09429      1.00000
TIME = 0.083124
  102.00000       0.00000     -49.37219       0.00000      0.00000      -0.21154      1.00000
  102.00000       0.00000     -47.96991       0.00000      0.00000       0.08938      1.00000
TIME = 0.084692
  102.00000       0.00000     -49.47940       0.00000      0.00000      -0.21645      1.00000
  102.00000       0.00000     -47.92636       0.00000      0.00000       0.08447      1.00000
TIME = 0.086261
  102.00000       0.00000     -49.44886       0.00000      0.00000       0.17310      1.00000
  102.00000       0.00000     -47.88527       0.00000      0.00000       0.07956      1.00000
TIME = 0.087829
  102.00000       0.00000     -49.36336       0.00000      0.00000       0.16819      1.00000
  102.00000       0.00000     -47.84665       0.00000      0.00000       0.07465      1.00000
TIME = 0.089398
  102.00000       0.00000     -49.28033       0.00000      0.00000       0.16328      1.00000
  102.00000       0.00000     -47.81048       0.00000      0.00000       0.06974      1.00000
TIME = 0.090966
  102.00000       0.00000     -49.19976       0.00000      0.00000       0.15837      1.00000
  102.00000       0.00000     -47.77677       0.00000      0.00000       0.06483      1.00000
TIME = 0.092534
  102.00000       0.00000     -49.12165       0.00000      0.00000       0.15346      1.00000
  102.00000       0.00000     -47.74552       0.00000      0.00000       0.05992      1.00000
TIME = 0.094103
  102.00000       0.00000     -49.04599       0.00000      0.00000       0.14855      1.00000
  102.00000       0.00000     -47.71674       0.00000      0.00000       0.05501      1.00000
TIME = 0.095671
  102.00000       0.00000     -48.97280       0.00000      0.00000       0.14364      1.00000
  102.00000       0.00000     -47.69041       0.00000      0.00000       0.05010      1.00000
TIME = 0.097239
  102.00000       0.00000     -48.90207       0.00000      0.00000       0.13873      1.00000
  102.00000       0.00000     -47.66654       0.00000      0.00000       0.04519      1.00000
TIME = 0.098808
  102.00000       0.00000     -48.83379       0.00000      0.00000       0.13382      1.00000
  102.00000       0.00000     -47.64513       0.00000      0.00000       0.04028      1.00000
TIME = 0.100376
  102.00000       0.00000     -48.76798       0.00000      0.00000       0.12891      1.00000
  102.00000       0.00000     -47.62618       0.00000      0.00000       0.03537      1.00000
TIME = 0.101945
  102.00000       0.00000     -48.70463       0.00000      0.00000       0.12400      1.00000
  102.00000       0.00000     -47.60969       0.00000      0.00000       0.03046      1.00000
TIME = 0.103513
  102.00000       0.00000     -48.64373       0.00000      0.00000       0.11910      1.00000
  102.00000       0.00000     -47.59567       0.00000      0.00000       0.02555      1.00000
TIME = 0.105081
  102.00000       0.00000     -48.58530       0.00000      0.00000       0.11419      1.00000
  102.00000       0.00000     -47.58410       0.00000      0.00000       0.02064      1.00000
TIME = 0.106650
  102.00000       0.00000     -48.56538       0.00000      0.00000       0.02663      1.00000
  102.00000       0.00000     -47.53733       0.00000      0.00000       0.10196      1.00000
TIME = 0.108218
  102.00000       0.00000     -48.55327       0.00000      0.00000       0.02172      1.00000
  102.00000       0.00000     -47.48748       0.00000      0.00000       0.09705      1.00000
TIME = 0.109786
  102.00000       0.00000     -48.54362       0.00000      0.00000       0.01681      1.00000
  102.00000       0.00000     -47.44009       0.00000      0.00000       0.09214      1.00000
TIME = 0.111355
  102.00000       0.00000     -48.53643       0.00000      0.00000       0.01190      1.00000
  102.00000       0.00000     -47.39516       0.00000      0.00000       0.08723      1.00000
TIME = 0.112923
  102.00000       0.00000     -48.53170       0.00000      0.00000       0.00699      1.00000
  102.00000       0.00000     -47.35269       0.00000      0.00000       0.08232      1.00000
TIME = 0.114492
  102.00000       0.00000     -48.52943       0.00000      0.00000       0.00208      1.00000
  102.00000       0.00000     -47.31268       0.00000      0.00000       0.07741      1.00000
TIME = 0.116060
  102.00000       0.00000     -48.52962       0.00000      0.00000      -0.00283      1.00000
  102.00000       0.00000     -47.27513       0.00000      0.00000       0.07250      1.00000
TIME = 0.117628
  102.00000       0.00000     -48.53227       0.00000      0.00000      -0.00774      1.00000
  102.00000       0.00000     -47.24004       0.00000      0.00000       0.06759      1.00000
TIME = 0.119197
  102.00000       0.00000     -48.53738       0.00000      0.00000      -0.01265      1.00000
  102.00000       0.00000     -47.20741       0.00000      0.00000       0.06268      1.00000
TIME = 0.120765
  102.00000       0.00000     -48.54495       0.00000      0.00000      -0.01756      1.00000
  102.00000       0.00000     -47.17724       0.00000      0.00000       0.05777      1.00000
TIME = 0.122333
  102.00000       0.00000     -48.55497       0.00000      0.00000      -0.02247      1.00000
  102.00000       0.00000     -47.14953       0.00000      0.00000       0.05286      1.00000
TIME = 0.123902
  102.00000       0.00000     -48.56746       0.00000      0.00000      -0.02738      1.00000
  102.00000       0.00000     -47.12428       0.00000      0.00000       0.04795      1.00000
TIME = 0.125470
  102.00000       0.00000     -48.58241       0.00000      0.00000      -0.03229      1.00000
  102.00000       0.00000     -47.10149       0.00000      0.00000       0.04304      1.00000
TIME = 0.127039
  102.00000       0.00000     -48.59982       0.00000      0.00000      -0.03720      1.00000
  102.00000       0.00000     -47.08115       0.00000      0.00000       0.03813      1.00000
TIME = 0.128607
  102.00000       0.00000     -48.61969       0.00000      0.00000      -0.04211      1.00000
  102.00000       0.00000     -47.06328       0.00000      0.00000       0.03322      1.00000
TIME = 0.130175
  102.00000       0.00000     -48.64201       0.00000      0.00000      -0.04702      1.00000
  102.00000       0.00000     -47.04787       0.00000      0.00000       0.02831      1.00000
TIME = 0.131744
  102.00000       0.00000     -48.66680       0.00000      0.00000      -0.05193      1.00000
  102.00000       0.00000     -47.03492       0.00000      0.00000       0.02340      1.00000
TIME = 0.133312
  102.00000       0.00000     -48.69405       0.00000      0.00000      -0.05684      1.00000
  102.00000       0.00000     -47.02443       0.00000      0.00000       0.01849      1.00000
TIME = 0.134881
  102.00000       0.00000     -48.72375       0.00000      0.00000      -0.06175      1.00000
  102.00000       0.00000     -47.01639       0.00000      0.00000       0.01358      1.00000
TIME = 0.136449
  102.00000       0.00000     -48.75592       0.00000      0.00000      -0.06666      1.00000
  102.00000       0.00000     -47.01082       0.00000      0.00000       0.00867      1.00000
TIME = 0.138017
  102.00000       0.00000     -48.79055       0.00000      0.00000      -0.07156      1.00000
  102.00000       0.00000     -47.00771       0.00000      0.00000       0.00376      1.00000
TIME = 0.139586
  102.00000       0.00000     -48.82763       0.00000      0.00000      -0.07647      1.00000
  102.00000       0.00000     -47.00706       0.00000      0.00000      -0.00115      1.00000
TIME = 0.141154
  102.00000       0.00000     -48.86718       0.00000      0.00000      -0.08138      1.00000
  102.00000       0.00000     -47.00886       0.00000      0.00000      -0.00606      1.00000
TIME = 0.142722
  102.00000       0.00000     -48.90919       0.00000      0.00000      -0.08629      1.00000
  102.00000       0.00000     -47.01313       0.00000      0.00000      -0.01097      1.00000
TIME = 0.144291
  102.00000       0.00000     -48.95365       0.00000      0.00000      -0.09120      1.00000
  102.00000       0.00000     -47.01986       0.00000      0.00000      -0.01588      1.00000
TIME = 0.145859
  102.00000       0.00000     -49.00058       0.00000      0.00000      -0.09611      1.00000
  102.00000       0.00000     -47.02904       0.00000      0.00000      -0.02079      1.00000
TIME = 0.147428
  102.00000       0.00000     -49.04996       0.00000      0.00000      -0.10102      1.00000
  102.00000       0.00000     -47.04069       0.00000      0.00000      -0.02570      1.00000
TIME = 0.148996
  102.00000       0.00000     -49.10181       0.00000      0.00000      -0.10593      1.00000
  102.00000       0.00000     -47.05479       0.00000      0.00000      -0.03061      1.00000
TIME = 0.150564
  102.00000       0.00000     -49.15611       0.00000      0.00000      -0.11084      1.00000
  102.00000       0.00000     -47.07136       0.00000      0.00000      -0.03552      1.00000
TIME = 0.152133
  102.00000       0.00000     -49.21288       0.00000      0.00000      -0.11575      1.00000
  102.00000       0.00000     -47.09039       0.00000      0.00000      -0.04043      1.00000
TIME = 0.153701
  102.00000       0.00000     -49.27210       0.00000      0.00000      -0.12066      1.00000
  102.00000       0.00000     -47.11187       0.00000      0.00000      -0.04534      1.00000
TIME = 0.155269
  102.00000       0.00000     -49.33379       0.00000      0.00000      -0.12557      1.00000
  102.00000       0.00000     -47.13582       0.00000      0.00000      -0.05024      1.00000
TIME = 0.156838
  102.00000       0.00000     -49.39793       0.00000      0.00000      -0.13048      1.00000
  102.00000       0.00000     -47.16222       0.00000      0.00000      -0.05515      1.00000
TIME = 0.158406
  102.00000       0.00000     -49.46454       0.00000      0.00000      -0.13539      1.00000
  102.00000       0.00000     -47.19109       0.00000      0.00000      -0.06006      1.00000
TIME = 0.159975
  102.00000       0.00000     -49.48667       0.00000      0.00000       0.11248      1.00000
  102.00000       0.00000     -47.22241       0.00000      0.00000      -0.06497      1.00000
TIME = 0.161543
  102.00000       0.00000     -49.43155       0.00000      0.00000       0.10757      1.00000
  102.00000       0.00000     -47.25620       0.00000      0.00000      -0.06988      1.00000
TIME = 0.163111
  102.00000       0.00000     -49.37889       0.00000      0.00000       0.10266      1.00000
  102.00000       0.00000     -47.29244       0.00000      0.00000      -0.07479      1.00000
TIME = 0.164680
  102.00000       0.00000     -49.32869       0.00000      0.00000       0.09775      1.00000
  102.00000       0.00000     -47.33114       0.00000      0.00000      -0.07970      1.00000
TIME = 0.166248
  102.00000       0.00000     -49.28095       0.00000      0.00000       0.09284      1.00000
  102.00000       0.00000     -47.37231       0.00000      0.00000      -0.08461      1.00000
TIME = 0.167816
  102.00000       0.00000     -49.23567       0.00000      0.00000       0.08793      1.00000
  102.00000       0.00000     -47.41593       0.00000      0.00000      -0.08952      1.00000
TIME = 0.169385
  102.00000       0.00000     -49.19285       0.00000      0.00000       0.08302      1.00000
  102.00000       0.00000     -47.46202       0.00000      0.00000      -0.09443      1.00000
TIME = 0.170953
  102.00000       0.00000     -49.15249       0.00000      0.00000       0.07811      1.00000
  102.00000       0.00000     -47.51056       0.00000      0.00000      -0.09934      1.00000
TIME = 0.172522
  102.00000       0.00000     -49.11459       0.00000      0.00000       0.07320      1.00000
  102.00000       0.00000     -47.56156       0.00000      0.00000      -0.10425      1.00000
TIME = 0.174090
  102.00000       0.00000     -49.07915       0.00000      0.00000       0.06829      1.00000
  102.00000       0.00000     -47.61502       0.00000      0.00000      -0.10916      1.00000
TIME = 0.175658
  102.00000       0.00000     -49.04617       0.00000      0.00000       0.06338      1.00000
  102.00000       0.00000     -47.67095       0.00000      0.00000      -0.11407      1.00000
TIME = 0.177227
  102.00000       0.00000     -49.01564       0.00000      0.00000       0.05847      1.00000
  102.00000       0.00000     -47.72933       0.00000      0.00000      -0.11898      1.00000
TIME = 0.178795
  102.00000       0.00000     -48.98758       0.00000      0.00000       0.05356      1.00000
  102.00000       0.00000     -47.79017       0.00000      0.00000      -0.12389      1.00000
TIME = 0.180363
  102.00000       0.00000     -48.96198       0.00000      0.00000       0.04865      1.00000
  102.00000       0.00000     -47.85347       0.00000      0.00000      -0.12880      1.00000
TIME = 0.181932
  102.00000       0.00000     -48.93884       0.00000      0.00000       0.04374      1.00000
  102.00000       0.00000     -47.91924       0.00000      0.00000      -0.13371      1.00000
TIME = 0.183500
  102.00000       0.00000     -48.97320       0.00000      0.00000      -0.12072      1.00000
  102.00000       0.00000     -47.93331       0.00000      0.00000       0.01809      1.00000
TIME = 0.185069
  102.00000       0.00000     -49.03492       0.00000      0.00000      -0.12563      1.00000
  102.00000       0.00000     -47.92548       0.00000      0.00000       0.01318      1.00000
TIME = 0.186637
  102.00000       0.00000     -49.09909       0.00000      0.00000      -0.13054      1.00000
  102.00000       0.00000     -47.92011       0.00000      0.00000       0.00827      1.00000
TIME = 0.188205
  102.00000       0.00000     -49.16573       0.00000      0.00000      -0.13545      1.00000
  102.00000       0.00000     -47.91720       0.00000      0.00000       0.00336      1.00000
TIME = 0.189774
  102.00000       0.00000     -49.23482       0.00000      0.00000      -0.14036      1.00000
  102.00000       0.00000     -47.91674       0.00000      0.00000      -0.00155      1.00000
TIME = 0.191342
  102.00000       0.00000     -49.30638       0.00000      0.00000      -0.14527      1.00000
  102.00000       0.00000     -47.91875       0.00000      0.00000      -0.00646      1.00000
TIME = 0.192911
  102.00000       0.00000     -49.38039       0.00000      0.00000      -0.15018      1.00000
  102.00000       0.00000     -47.92322       0.00000      0.00000      -0.01137      1.00000
TIME = 0.194479
  102.00000       0.00000     -49.45687       0.00000      0.00000      -0.15509      1.00000
  102.00000       0.00000     -47.93015       0.00000      0.00000      -0.01628      1.00000
TIME = 0.196047
  102.00000       0.00000     -49.48648       0.00000      0.00000       0.12831      1.00000
  102.00000       0.00000     -47.93953       0.00000      0.00000      -0.02119      1.00000
TIME = 0.197616
  102.00000       0.00000     -49.42343       0.00000      0.00000       0.12340      1.00000
  102.00000       0.00000     -47.95138       0.00000      0.00000      -0.02610      1.00000
TIME = 0.199184
  102.00000       0.00000     -49.36284       0.00000      0.00000       0.11849      1.00000
  102.00000       0.00000     -47.96569       0.00000      0.00000      -0.03101      1.00000
TIME = 0.200752
  102.00000       0.00000     -49.30472       0.00000      0.00000       0.11358      1.00000
  102.00000       0.00000     -47.98245       0.00000      0.00000      -0.03592      1.00000
TIME = 0.202321
  102.00000       0.00000     -49.24905       0.00000      0.00000       0.10867      1.00000
  102.00000       0.00000     -48.00168       0.00000      0.00000      -0.04083      1.00000
TIME = 0.203889
  102.00000       0.00000     -49.19584       0.00000      0.00000       0.10376      1.00000
  102.00000       0.00000     -48.02336       0.00000      0.00000      -0.04573      1.00000
TIME = 0.205458
  102.00000       0.00000     -49.14509       0.00000      0.00000       0.09885      1.00000
  102.00000       0.00000     -48.04751       0.00000      0.00000      -0.05064      1.00000
TIME = 0.207026
  102.00000       0.00000     -49.09680       0.00000      0.00000       0.09394      1.00000
  102.00000       0.00000     -48.07411       0.00000      0.00000      -0.05555      1.00000
TIME = 0.208594
  102.00000       0.00000     -49.09122       0.00000      0.00000      -0.04418      1.00000
  102.00000       0.00000     -48.06256       0.00000      0.00000       0.07372      1.00000
TIME = 0.210163
  102.00000       0.00000     -49.11458       0.00000      0.00000      -0.04909      1.00000
  102.00000       0.00000     -48.02686       0.00000      0.00000       0.06881      1.00000
TIME = 0.211731
  102.00000       0.00000     -49.14041       0.00000      0.00000      -0.05400      1.00000
  102.00000       0.00000     -47.99362       0.00000      0.00000       0.06390      1.00000
TIME = 0.213299
  102.00000       0.00000     -49.16870       0.00000      0.00000      -0.05891      1.00000
  102.00000       0.00000     -47.96283       0.00000      0.00000       0.05900      1.00000
TIME = 0.214868
  102.00000       0.00000     -49.19944       0.00000      0.00000      -0.06382      1.00000
  102.00000       0.00000     -47.93451       0.00000      0.00000       0.05409      1.00000
TIME = 0.216436
  102.00000       0.00000     -49.23265       0.00000      0.00000      -0.06873      1.00000
  102.00000       0.00000     -47.90864       0.00000      0.00000       0.04918      1.00000
TIME = 0.218005
  102.00000       0.00000     -49.26831       0.00000      0.00000      -0.07364      1.00000
  102.00000       0.00000     -47.88524       0.00000      0.00000       0.04427      1.00000
TIME = 0.219573
  102.00000       0.00000     -49.30644       0.00000      0.00000      -0.07855      1.00000
  102.00000       0.00000     -47.86429       0.00000      0.00000       0.03936      1.00000
TIME = 0.221141
  102.00000       0.00000     -49.34702       0.00000      0.00000      -0.08346      1.00000
  102.00000       0.00000     -47.84581       0.00000      0.00000       0.03445      1.00000
TIME = 0.222710
  102.00000       0.00000     -49.39007       0.00000      0.00000      -0.08837      1.00000
  102.00000       0.00000     -47.82978       0.00000      0.00000       0.02954      1.00000
TIME = 0.224278
  102.00000       0.00000     -49.43557       0.00000      0.00000      -0.09328      1.00000
  102.00000       0.00000     -47.81622       0.00000      0.00000       0.02463      1.00000
TIME = 0.225846
  102.00000       0.00000     -49.48354       0.00000      0.00000      -0.09819      1.00000
  102.00000       0.00000     -47.80511       0.00000      0.00000       0.01972      1.00000
TIME = 0.227415
  102.00000       0.00000     -49.48332       0.00000      0.00000       0.08121      1.00000
  102.00000       0.00000     -47.79647       0.00000      0.00000       0.01481      1.00000
TIME = 0.228983
  102.00000       0.00000     -49.44386       0.00000      0.00000       0.07630      1.00000
  102.00000       0.00000     -47.79028       0.00000      0.00000       0.00990      1.00000
TIME = 0.230552
  102.00000       0.00000     -49.40687       0.00000      0.00000       0.07139      1.00000
  102.00000       0.00000     -47.78656       0.00000      0.00000       0.00499      1.00000
TIME = 0.232120
  102.00000       0.00000     -49.37234       0.00000      0.00000       0.06648      1.00000
  102.00000       0.00000     -47.78529       0.00000      0.00000       0.00008      1.00000
TIME = 0.233688
  102.00000       0.00000     -49.34026       0.00000      0.00000       0.06157      1.00000
  102.00000       0.00000     -47.78648       0.00000      0.00000      -0.00483      1.00000
TIME = 0.235257
  102.00000       0.00000     -49.31065       0.00000      0.00000       0.05666      1.00000
  102.00000       0.00000     -47.79014       0.00000      0.00000      -0.00974      1.00000
TIME = 0.236825
  102.00000       0.00000     -49.28350       0.00000      0.00000       0.05175      1.00000
  102.00000       0.00000     -47.79625       0.00000      0.00000      -0.01465      1.00000
TIME = 0.238393
  102.00000       0.00000     -49.25880       0.00000      0.00000       0.04684      1.00000
  102.00000       0.00000     -47.80482       0.00000      0.00000      -0.01956      1.00000
TIME = 0.239962
  102.00000       0.00000     -49.23657       0.00000      0.00000       0.04193      1.00000
  102.00000       0.00000     -47.81585       0.00000      0.00000      -0.02447      1.00000
TIME = 0.241530
  102.00000       0.00000     -49.21679       0.00000      0.00000       0.03702      1.00000
  102.00000       0.00000     -47.82935       0.00000      0.00000      -0.02938      1.00000
TIME = 0.243099
  102.00000       0.00000     -49.19948       0.00000      0.00000       0.03211      1.00000
  102.00000       0.00000     -47.84530       0.00000      0.00000      -0.03429      1.00000
TIME = 0.244667
  102.00000       0.00000     -49.18463       0.00000      0.00000       0.02720      1.00000
  102.00000       0.00000     -47.86371       0.00000      0.00000      -0.03920      1.00000
TIME = 0.246235
  102.00000       0.00000     -49.17223       0.00000      0.00000       0.02229      1.00000
  102.00000       0.00000     -47.88458       0.00000      0.00000      -0.04411      1.00000
TIME = 0.247804
  102.00000       0.00000     -49.16230       0.00000      0.00000       0.01738      1.00000
  102.00000       0.00000     -47.90792       0.00000      0.00000      -0.04902      1.00000
TIME = 0.249372
  102.00000       0.00000     -49.15482       0.00000      0.00000       0.01247      1.00000
  102.00000       0.00000     -47.93371       0.00000      0.00000      -0.05393      1.00000
TIME = 0.250940
  102.00000       0.00000     -49.14980       0.00000      0.00000       0.00756      1.00000
  102.00000       0.00000     -47.96196       0.00000      0.00000      -0.05884      1.00000
TIME = 0.252509
  102.00000       0.00000     -49.14725       0.00000      0.00000       0.00265      1.00000
  102.00000       0.00000     -47.99267       0.00000      0.00000      -0.06375      1.00000
TIME = 0.254077
  102.00000       0.00000     -49.14715       0.00000      0.00000      -0.00226      1.00000
  102.00000       0.00000     -48.02584       0.00000      0.00000      -0.06866      1.00000
TIME = 0.255646
  102.00000       0.00000     -49.14952       0.00000      0.00000      -0.00717      1.00000
  102.00000       0.00000     -48.06147       0.00000      0.00000      -0.07357      1.00000
TIME = 0.257214
  102.00000       0.00000     -49.15434       0.00000      0.00000      -0.01208      1.00000
  102.00000       0.00000     -48.09956       0.00000      0.00000      -0.07848      1.00000
TIME = 0.258782
  102.00000       0.00000     -49.16162       0.00000      0.00000      -0.01699      1.00000
  102.00000       0.00000     -48.14011       0.00000      0.00000      -0.08339      1.00000
TIME = 0.260351
  102.00000       0.00000     -49.17879       0.00000      0.00000      -0.08356      1.00000
  102.00000       0.00000     -48.17599       0.00000      0.00000      -0.02933      1.00000
TIME = 0.261919
  102.00000       0.00000     -49.22189       0.00000      0.00000      -0.08847      1.00000
  102.00000       0.00000     -48.19192       0.00000      0.00000      -0.03424      1.00000
TIME = 0.263488
  102.00000       0.00000     -49.26744       0.00000      0.00000      -0.09338      1.00000
  102.00000       0.00000     -48.21031       0.00000      0.00000      -0.03915      1.00000
TIME = 0.265056
  102.00000       0.00000     -49.31546       0.00000      0.00000      -0.09829      1.00000
  102.00000       0.00000     -48.23115       0.00000      0.00000      -0.04406      1.00000
TIME = 0.266624
  102.00000       0.00000     -49.36594       0.00000      0.00000      -0.10320      1.00000
  102.00000       0.00000     -48.25446       0.00000      0.00000      -0.04897      1.00000
TIME = 0.268193
  102.00000       0.00000     -49.41887       0.00000      0.00000      -0.10811      1.00000
  102.00000       0.00000     -48.28023       0.00000      0.00000      -0.05388      1.00000
TIME = 0.269761
  102.00000       0.00000     -49.47427       0.00000      0.00000      -0.11302      1.00000
  102.00000       0.00000     -48.30845       0.00000      0.00000      -0.05879      1.00000
TIME = 0.271329
  102.00000       0.00000     -49.48601       0.00000      0.00000       0.09411      1.00000
  102.00000       0.00000     -48.33914       0.00000      0.00000      -0.06370      1.00000
TIME = 0.272898
  102.00000       0.00000     -49.44010       0.00000      0.00000       0.08920      1.00000
  102.00000       0.00000     -48.37228       0.00000      0.00000      -0.06861      1.00000
TIME = 0.274466
  102.00000       0.00000     -49.40026       0.00000      0.00000      -0.03823      1.00000
  102.00000       0.00000     -48.40420       0.00000      0.00000       0.05000      1.00000
TIME = 0.276035
  102.00000       0.00000     -49.42967       0.00000      0.00000      -0.06144      1.00000
  102.00000       0.00000     -48.37169       0.00000      0.00000       0.06270      1.00000
TIME = 0.277603
  102.00000       0.00000     -49.46169       0.00000      0.00000      -0.06635      1.00000
  102.00000       0.00000     -48.34152       0.00000      0.00000       0.05779      1.00000
TIME = 0.279171
  102.00000       0.00000     -49.49616       0.00000      0.00000      -0.07126      1.00000
  102.00000       0.00000     -48.31380       0.00000      0.00000       0.05288      1.00000
TIME = 0.280740
  102.00000       0.00000     -49.48191       0.00000      0.00000       0.05748      1.00000
  102.00000       0.00000     -48.28854       0.00000      0.00000       0.04797      1.00000
TIME = 0.282308
  102.00000       0.00000     -49.45435       0.00000      0.00000       0.05257      1.00000
  102.00000       0.00000     -48.26574       0.00000      0.00000       0.04306      1.00000
TIME = 0.283876
  102.00000       0.00000     -49.42924       0.00000      0.00000       0.04766      1.00000
  102.00000       0.00000     -48.24540       0.00000      0.00000       0.03815      1.00000
TIME = 0.285445
  102.00000       0.00000     -49.40660       0.00000      0.00000       0.04275      1.00000
  102.00000       0.00000     -48.22752       0.00000      0.00000       0.03324      1.00000
TIME = 0.287013
  102.00000       0.00000     -49.38641       0.00000      0.00000       0.03784      1.00000
  102.00000       0.00000     -48.21210       0.00000      0.00000       0.02833      1.00000
TIME = 0.288582
  102.00000       0.00000     -49.36869       0.00000      0.00000       0.03293      1.00000
  102.00000       0.00000     -48.19914       0.00000      0.00000       0.02342      1.00000
TIME = 0.290150
  102.00000       0.00000     -49.35342       0.00000      0.00000       0.02802      1.00000
  102.00000       0.00000     -48.18864       0.00000      0.00000       0.01851      1.00000
TIME = 0.291718
  102.00000       0.00000     -49.34062       0.00000      0.00000       0.02311      1.00000
  102.00000       0.00000     -48.18060       0.00000      0.00000       0.01360      1.00000
TIME = 0.293287
  102.00000       0.00000     -49.33027       0.00000      0.00000       0.01820      1.00000
  102.00000       0.00000     -48.17502       0.00000      0.00000       0.00869      1.00000
TIME = 0.294855
  102.00000       0.00000     -49.32238       0.00000      0.00000       0.01329      1.00000
  102.00000       0.00000     -48.17190       0.00000      0.00000       0.00378      1.00000
TIME = 0.296423
  102.00000       0.00000     -49.31696       0.00000      0.00000       0.00838      1.00000
  102.00000       0.00000     -48.17124       0.00000      0.00000      -0.00113      1.00000
TIME = 0.297992
  102.00000       0.00000     -49.31399       0.00000      0.00000       0.00347      1.00000
  102.00000       0.00000     -48.17304       0.00000      0.00000      -0.00604      1.00000
TIME = 0.299560
  102.00000       0.00000     -49.31349       0.00000      0.00000      -0.00144      1.00000
  102.00000       0.00000     -48.17730       0.00000      0.00000      -0.01095      1.00000
TIME = 0.301129
  102.00000       0.00000     -49.31544       0.00000      0.00000      -0.00635      1.00000
  102.00000       0.00000     -48.18402       0.00000      0.00000      -0.01586      1.00000
TIME = 0.302697
  102.00000       0.00000     -49.31985       0.00000      0.00000      -0.01126      1.00000
  102.00000       0.00000     -48.19320       0.00000      0.00000      -0.02077      1.00000
TIME = 0.304265
  102.00000       0.00000     -49.32673       0.00000      0.00000      -0.01617      1.00000
  102.00000       0.00000     -48.20484       0.00000      0.00000      -0.02568      1.00000
TIME = 0.305834
  102.00000       0.00000     -49.33606       0.00000      0.00000      -0.02108      1.00000
  102.00000       0.00000     -48.21893       0.00000      0.00000      -0.03059      1.00000
TIME = 0.307402
  102.00000       0.00000     -49.34785       0.00000      0.00000      -0.02599      1.00000
  102.00000       0.00000     -48.23549       0.00000      0.00000      -0.03550      1.00000
TIME = 0.308970
  102.00000       0.00000     -49.36210       0.00000      0.00000      -0.03090      1.00000
  102.00000       0.00000     -48.25451       0.00000      0.00000      -0.04041      1.00000
TIME = 0.310539
  102.00000       0.00000     -49.37882       0.00000      0.00000      -0.03581      1.00000
  102.00000       0.00000     -48.27599       0.00000      0.00000      -0.04532      1.00000
TIME = 0.312107
  102.00000       0.00000     -49.39799       0.00000      0.00000      -0.04072      1.00000
  102.00000       0.00000     -48.29992       0.00000      0.00000      -0.05023      1.00000
TIME = 0.001568
  102.00000       0.00000     -47.00123       0.00000      0.00000      -0.00491      1.00000
  102.00000       0.00000     -45.00123       0.00000      0.00000      -0.00491      1.00000
TIME = 0.003137
  102.00000       0.00000     -47.00492       0.00000      0.00000      -0.00982      1.00000
  102.00000       0.00000     -45.00492       0.00000      0.00000      -0.00982      1.00000
TIME = 0.004705
  102.00000       0.00000     -47.01107       0.00000      0.00000      -0.01473      1.00000
  102.00000       0.00000     -45.01107       0.00000      0.00000      -0.01473      1.00000
TIME = 0.006274
  102.00000       0.00000     -47.01969       0.00000      0.00000      -0.01964      1.00000
  102.00000       0.00000     -45.01969       0.00000      0.00000      -0.01964      1.00000
TIME = 0.007842
  102.00000       0.00000     -47.03076       0.00000      0.00000      -0.02455      1.00000
  102.00000       0.00000     -45.03076       0.00000      0.00000      -0.02455      1.00000
TIME = 0.009410
  102.00000       0.00000     -47.04429       0.00000      0.00000      -0.02946      1.00000
  102.00000       0.00000     -45.04429       0.00000      0.00000      -0.02946      1.00000
TIME = 0.010979
  102.00000       0.00000     -47.06028       0.00000      0.00000      -0.03437      1.00000
  102.00000       0.00000     -45.06028       0.00000      0.00000      -0.03437      1.00000
TIME = 0.012547
  102.00000       0.00000     -47.07873       0.00000      0.00000      -0.03928      1.00000
  102.00000       0.00000     -45.07873       0.00000      0.00000      -0.03928      1.00000
TIME = 0.014115
  102.00000       0.00000     -47.09964       0.00000      0.00000      -0.04419      1.00000
  102.00000       0.00000     -45.09964       0.00000      0.00000      -0.04419      1.00000
TIME = 0.015684
  102.00000       0.00000     -47.12301       0.00000      0.00000      -0.04910      1.00000
  102.00000       0.00000     -45.12301       0.00000      0.00000      -0.04910      1.00000
TIME = 0.017252
  102.00000       0.00000     -47.14884       0.00000      0.00000      -0.05401      1.00000
  102.00000       0.00000     -45.14884       0.00000      0.00000      -0.05401      1.00000
TIME = 0.018821
  102.00000       0.00000     -47.17713       0.00000      0.00000      -0.05892      1.00000
  102.00000       0.00000     -45.17713       0.00000      0.00000      -0.05892      1.00000
TIME = 0.020389
  102.00000       0.00000     -47.20788       0.00000      0.00000      -0.06383      1.00000
  102.00000       0.00000     -45.20788       0.00000      0.00000      -0.06383      1.00000
TIME = 0.021957
  102.00000       0.00000     -47.24109       0.00000      0.00000      -0.06874      1.00000
  102.00000       0.00000     -45.24109       0.00000      0.00000      -0.06874      1.00000
TIME = 0.023526
  102.00000       0.00000     -47.27676       0.00000      0.00000      -0.07365      1.00000
  102.00000       0.00000     -45.27676       0.00000      0.00000      -0.07365      1.00000
TIME = 0.025094
  102.00000       0.00000     -47.31489       0.00000      0.00000      -0.07856      1.00000
  102.00000       0.00000     -45.31489       0.00000      0.00000      -0.07856      1.00000
TIME = 0.026662
  102.00000       0.00000     -47.35548       0.00000      0.00000      -0.08347      1.00000
  102.00000       0.00000     -45.35548       0.00000      0.00000      -0.08347      1.00000
TIME = 0.028231
  102.00000       0.00000     -47.39853       0.00000      0.00000      -0.08838      1.00000
  102.00000       0.00000     -45.39853       0.00000      0.00000      -0.08838      1.00000
TIME = 0.029799
  102.00000       0.00000     -47.44404       0.00000      0.00000      -0.09329      1.00000
  102.00000       0.00000     -45.44404       0.00000      0.00000      -0.09329      1.00000
TIME = 0.031368
  102.00000       0.00000     -47.49201       0.00000      0.00000      -0.09820      1.00000
  102.00000       0.00000     -45.49201       0.00000      0.00000      -0.09820      1.00000
TIME = 0.032936
  102.00000       0.00000     -47.54244       0.00000      0.00000      -0.10311      1.00000
  102.00000       0.00000     -45.54244       0.00000      0.00000      -0.10311      1.00000
TIME = 0.034504
  102.00000       0.00000     -47.59533       0.00000      0.00000      -0.10802      1.00000
  102.00000       0.00000     -45.59533       0.00000      0.00000      -0.10802      1.00000
TIME = 0.036073
  102.00000       0.00000     -47.65067       0.00000      0.00000      -0.11293      1.00000
  102.00000       0.00000     -45.65067       0.00000      0.00000      -0.11293      1.00000
TIME = 0.037641
  102.00000       0.00000     -47.70848       0.00000      0.00000      -0.11784      1.00000
  102.00000       0.00000     -45.70848       0.00000      0.00000      -0.11784      1.00000
TIME = 0.039209
  102.00000       0.00000     -47.76875       0.00000      0.00000      -0.12275      1.00000
  102.00000       0.00000     -45.76875       0.00000      0.00000      -0.12275      1.00000
TIME = 0.040778
  102.00000       0.00000     -47.83148       0.00000      0.00000      -0.12765      1.00000
  102.00000       0.00000     -45.83148       0.00000      0.00000      -0.12765      1.00000
TIME = 0.042346
  102.00000       0.00000     -47.89666       0.00000      0.00000      -0.13256      1.00000
  102.00000       0.00000     -45.89666       0.00000      0.00000      -0.13256      1.00000
TIME = 0.043915
  102.00000       0.00000     -47.96431       0.00000      0.00000      -0.13747      1.00000
  102.00000       0.00000     -45.96431       0.00000      0.00000      -0.13747      1.00000
TIME = 0.045483
  102.00000       0.00000     -48.03442       0.00000      0.00000      -0.14238      1.00000
  102.00000       0.00000     -46.03442       0.00000      0.00000      -0.14238      1.00000
TIME = 0.047051
  102.00000       0.00000     -48.10699       0.00000      0.00000      -0.14729      1.00000
  102.00000       0.00000     -46.10699       0.00000      0.00000      -0.14729      1.00000
TIME = 0.048620
  102.00000       0.00000     -48.18201       0.00000      0.00000      -0.15220      1.00000
  102.00000       0.00000     -46.18201       0.00000      0.00000      -0.15220      1.00000
TIME = 0.050188
  102.00000       0.00000     -48.25950       0.00000      0.00000      -0.15711      1.00000
  102.00000       0.00000     -46.25950       0.00000      0.00000      -0.15711      1.00000
TIME = 0.051756
  102.00000       0.00000     -48.33945       0.00000      0.00000      -0.16202      1.00000
  102.00000       0.00000     -46.33945       0.00000      0.00000      -0.16202      1.00000
TIME = 0.053325
  102.00000       0.00000     -48.42185       0.00000      0.00000      -0.16693      1.00000
  102.00000       0.00000     -46.42185       0.00000      0.00000      -0.16693      1.00000
TIME = 0.054893
  102.00000       0.00000     -48.50672       0.00000      0.00000      -0.17184      1.00000
  102.00000       0.00000     -46.50672       0.00000      0.00000      -0.17184      1.00000
TIME = 0.056462
  102.00000       0.00000     -48.59404       0.00000      0.00000      -0.17675      1.00000
  102.00000       0.00000     -46.59404       0.00000      0.00000      -0.17675      1.00000
TIME = 0.058030
  102.00000       0.00000     -48.68383       0.00000      0.00000      -0.18166      1.00000
  102.00000       0.00000     -46.68383       0.00000      0.00000      -0.18166      1.00000
TIME = 0.059598
  102.00000       0.00000     -48.77607       0.00000      0.00000      -0.18657      1.00000
  102.00000       0.00000     -46.77607       0.00000      0.00000      -0.18657      1.00000
TIME = 0.061167
  102.00000       0.00000     -48.87078       0.00000      0.00000      -0.19148      1.00000
  102.00000       0.00000     -46.87078       0.00000      0.00000      -0.19148      1.00000
TIME = 0.062735
  102.00000       0.00000     -48.96794       0.00000      0.00000      -0.19639      1.00000
  102.00000       0.00000     -46.96794       0.00000      0.00000      -0.19639      1.00000
TIME = 0.064304
  102.00000       0.00000     -49.06757       0.00000      0.00000      -0.20130      1.00000
  102.00000       0.00000     -47.06757       0.00000      0.00000      -0.20130      1.00000
TIME = 0.065872
  102.00000       0.00000     -49.16965       0.00000      0.00000      -0.20621      1.00000
  102.00000       0.00000     -47.16965       0.00000      0.00000      -0.20621      1.00000
TIME = 0.067440
  102.00000       0.00000     -49.27420       0.00000      0.00000      -0.21112      1.00000
  102.00000       0.00000     -47.27420       0.00000      0.00000      -0.21112      1.00000
TIME = 0.069009
  102.00000       0.00000     -49.38120       0.00000      0.00000      -0.21603      1.00000
  102.00000       0.00000     -47.38120       0.00000      0.00000      -0.21603      1.00000
TIME = 0.001568
  102.00000       0.00000     -47.00123       0.00000      0.00000      -0.00491      1.00000
  102.00000       0.00000     -45.00123       0.00000      0.00000      -0.00491      1.00000
TIME = 0.003137
  102.00000       0.00000     -47.00492       0.00000      0.00000      -0.00982      1.00000
  102.00000       0.00000     -45.00492       0.00000      0.00000      -0.00982      1.00000
TIME = 0.004705
  102.00000       0.00000     -47.01107       0.00000      0.00000      -0.01473      1.00000
  102.00000       0.00000     -45.01107       0.00000      0.00000      -0.01473      1.00000
TIME = 0.006274
  102.00000       0.00000     -47.01969       0.00000      0.00000      -0.01964      1.00000
  102.00000       0.00000     -45.01969       0.00000      0.00000      -0.01964      1.00000
TIME = 0.007842
  102.00000       0.00000     -47.03076       0.00000      0.00000      -0.02455      1.00000
  102.00000       0.00000     -45.03076       0.00000      0.00000      -0.02455      1.00000
TIME = 0.009410
  102.00000       0.00000     -47.04429       0.00000      0.00000      -0.02946      1.00000
  102.00000       0.00000     -45.04429       0.00000      0.00000      -0.02946      1.00000
TIME = 0.010979
  102.00000       0.00000     -47.06028       0.00000      0.00000      -0.03437      1.00000
  102.00000       0.00000     -45.06028       0.00000      0.00000      -0.03437      1.00000
TIME = 0.012547
  102.00000       0.00000     -47.07873       0.00000      0.00000      -0.03928      1.00000
  102.00000       0.00000     -45.07873       0.00000      0.00000      -0.03928      1.00000
TIME = 0.014115
  102.00000       0.00000     -47.09964       0.00000      0.00000      -0.04419      1.00000
  102.00000       0.00000     -45.09964       0.00000      0.00000      -0.04419      1.00000
TIME = 0.015684
  102.00000       0.00000     -47.12301       0.00000      0.00000      -0.04910      1.00000
  102.00000       0.00000     -45.12301       0.00000      0.00000      -0.04910      1.00000
TIME = 0.017252
  102.00000       0.00000     -47.14884       0.00000      0.00000      -0.05401      1.00000
  102.00000       0.00000     -45.14884       0.00000      0.00000      -0.05401      1.00000
TIME = 0.018821
  102.00000       0.00000     -47.17713       0.00000      0.00000      -0.05892      1.00000
  102.00000       0.00000     -45.17713       0.00000      0.00000      -0.05892      1.00000
TIME = 0.001568
  102.00000       0.00000     -47.00123       0.00000      0.00000      -0.00491      1.00000
  102.00000       0.00000     -45.00123       0.00000      0.00000      -0.00491      1.00000
TIME = 0.003137
  102.00000       0.00000     -47.00492       0.00000      0.00000      -0.00982      1.00000
  102.00000       0.00000     -45.00492       0.00000      0.00000      -0.00982      1.00000
TIME = 0.004705
  102.00000       0.00000     -47.01107       0.00000      0.00000      -0.01473      1.00000
  102.00000       0.00000     -45.01107       0.00000      0.00000      -0.01473      1.00000
TIME = 0.006274
  102.00000       0.00000     -47.01969       0.00000      0.00000      -0.01964      1.00000
  102.00000       0.00000     -45.01969       0.00000      0.00000      -0.01964      1.00000
TIME = 0.007842
  102.00000       0.00000     -47.03076       0.00000      0.00000      -0.02455      1.00000
  102.00000       0.00000     -45.03076       0.00000      0.00000      -0.02455      1.00000
TIME = 0.009410
  102.00000       0.00000     -47.04429       0.00000      0.00000      -0.02946      1.00000
  102.00000       0.00000     -45.04429       0.00000      0.00000      -0.02946      1.00000
TIME = 0.010979
  102.00000       0.00000     -47.06028       0.00000      0.00000      -0.03437      1.00000
  102.00000       0.00000     -45.06028       0.00000      0.00000      -0.03437      1.00000
TIME = 0.012547
  102.00000       0.00000     -47.07873       0.00000      0.00000      -0.03928      1.00000
  102.00000       0.00000     -45.07873       0.00000      0.00000      -0.03928      1.00000
TIME = 0.014115
  102.00000       0.00000     -47.09964       0.00000      0.00000      -0.04419      1.00000
  102.00000       0.00000     -45.09964       0.00000      0.00000      -0.04419      1.00000
TIME = 0.015684
  102.00000       0.00000     -47.12301       0.00000      0.00000      -0.04910      1.00000
  102.00000       0.00000     -45.12301       0.00000      0.00000      -0.04910      1.00000
TIME = 0.017252
  102.00000       0.00000     -47.14884       0.00000      0.00000      -0.05401      1.00000
  102.00000       0.00000     -45.14884       0.00000      0.00000      -0.05401      1.00000
TIME = 0.018821
  102.00000       0.00000     -47.17713       0.00000      0.00000      -0.05892      1.00000
  102.00000       0.00000     -45.17713       0.00000      0.00000      -0.05892      1.00000
TIME = 0.020389
  102.00000       0.00000     -47.20788       0.00000      0.00000      -0.06383      1.00000
  102.00000       0.00000     -45.20788       0.00000      0.00000      -0.06383      1.00000
TIME = 0.021957
  102.00000       0.00000     -47.24109       0.00000      0.00000      -0.06874      1.00000
  102.00000       0.00000     -45.24109       0.00000      0.00000      -0.06874      1.00000
TIME = 0.023526
  102.00000       0.00000     -47.27676       0.00000      0.00000      -0.07365      1.00000
  102.00000       0.00000     -45.27676       0.00000      0.00000      -0.07365      1.00000
TIME = 0.025094
  102.00000       0.00000     -47.31489       0.00000      0.00000      -0.07856      1.00000
  102.00000       0.00000     -45.31489       0.00000      0.00000      -0.07856      1.00000
TIME = 0.026662
  102.00000       0.00000     -47.35548       0.00000      0.00000      -0.08347      1.00000
  102.00000       0.00000     -45.35548       0.00000      0.00000      -0.08347      1.00000
TIME = 0.001568
  102.00000       0.00000     -47.00123       0.00000      0.00000      -0.00491      1.00000
  102.00000       0.00000     -45.00123       0.00000      0.00000      -0.00491      1.00000
TIME = 0.003137
  102.00000       0.00000     -47.00492       0.00000      0.00000      -0.00982      1.00000
  102.00000       0.00000     -45.00492       0.00000      0.00000      -0.00982      1.00000
TIME = 0.004705
  102.00000       0.00000     -47.01107       0.00000      0.00000      -0.01473      1.00000
  102.00000       0.00000     -45.01107       0.00000      0.00000      -0.01473      1.00000
TIME = 0.006274
  102.00000       0.00000     -47.01969       0.00000      0.00000      -0.01964      1.00000
  102.00000       0.00000     -45.01969       0.00000      0.00000      -0.01964      1.00000
TIME = 0.007842
  102.00000       0.00000     -47.03076       0.00000      0.00000      -0.02455      1.00000
  102.00000       0.00000     -45.03076       0.00000      0.00000      -0.02455      1.00000
TIME = 0.009410
  102.00000       0.00000     -47.04429       0.00000      0.00000      -0.02946      1.00000
  102.00000       0.00000     -45.04429       0.00000      0.00000      -0.02946      1.00000
TIME = 0.010979
  102.00000       0.00000     -47.06028       0.00000      0.00000      -0.03437      1.00000
  102.00000       0.00000     -45.06028       0.00000      0.00000      -0.03437      1.00000
TIME = 0.012547
  102.00000       0.00000     -47.07873       0.00000      0.00000      -0.03928      1.00000
  102.00000       0.00000     -45.07873       0.00000      0.00000      -0.03928      1.00000
TIME = 0.014115
  102.00000       0.00000     -47.09964       0.00000      0.00000      -0.04419      1.00000
  102.00000       0.00000     -45.09964       0.00000      0.00000      -0.04419      1.00000
TIME = 0.015684
  102.00000       0.00000     -47.12301       0.00000      0.00000      -0.04910      1.00000
  102.00000       0.00000     -45.12301       0.00000      0.00000      -0.04910      1.00000
TIME = 0.017252
  102.00000       0.00000     -47.14884       0.00000      0.00000      -0.05401      1.00000
  102.00000       0.00000     -45.14884       0.00000      0.00000      -0.05401      1.00000
TIME = 0.018821
  102.00000       0.00000     -47.17713       0.00000      0.00000      -0.05892      1.00000
  102.00000       0.00000     -45.17713       0.00000      0.00000      -0.05892      1.00000
TIME = 0.020389
  102.00000       0.00000     -47.20788       0.00000      0.00000      -0.06383      1.00000
  102.00000       0.00000     -45.20788       0.00000      0.00000      -0.06383      1.00000
TIME = 0.021957
  102.00000       0.00000     -47.24109       0.00000      0.00000      -0.06874      1.00000
  102.00000       0.00000     -45.24109       0.00000      0.00000      -0.06874      1.00000
TIME = 0.023526
  102.00000       0.00000     -47.27676       0.00000      0.00000      -0.07365      1.00000
  102.00000       0.00000     -45.27676       0.00000      0.00000      -0.07365      1.00000
